2000
0.00704374 118.384
680.045 412.785
479.491 197.063
42.3402 610.979
611.367 841.224
345.152 467.475
747.869 31.1149
48.1155 476.73
604.035 6.92837
345.074 60.158
375.738 618.096
530.079 837.393
761.551 474.236
82.7684 588.527
374.4 631.072
819.289 685.979
236.208 42.7181
662.474 295.411
569.375 680.77
891.934 328.805
222.335 884.296
650.395 678.021
586.367 65.4173
568.471 796.237
245.439 392.77
689.846 429.959
213.997 247.416
323.339 149.857
437.866 807.891
818.288 54.5079
814.188 454.071
464.663 287.13
887.978 444.579
239.53 81.6596
852.988 66.3742
450.637 345.728
249.374 822.436
476.773 418.001
846.882 45.0756
685.363 693.184
745.036 112.829
14.2809 619.61
781.423 566.589
662.602 652.871
899.512 799.715
209.875 275.69
315.914 461.947
532.002 761.384
370.873 757.36
242.386 373.855
483.574 421.126
258.491 160.495
138.348 514.49
722.165 29.7484
481.005 448.632
859.825 673.464
499.126 801.664
562.365 757.836
143.791 191.476
643.239 117.385
81.8913 247.129
2.69964 372.864
24.1887 638.838
844.108 215.92
162.806 285.786
798.292 586.853
135.302 613.212
347.233 348.953
449.767 132.78
528.468 761.018
531.098 859.868
500.532 133.336
884.975 367.89
127.638 508.409
226.914 439.663
417.628 864.986
113.428 179.782
287.325 566.342
114.041 586.129
559.471 722.766
223.058 428.789
350.383 182.925
25.5377 811.506
383.848 127.819
852.738 369.282
118.07 797.084
82.9563 145.979
63.9572 328.805
227.752 121.598
704.838 409.777
314.572 407.07
728.05 838.507
586.482 193.724
611.633 818.03
225.113 774.774
424.136 455.36
540.355 735.806
680.259 416.021
856.231 569.465
395.397 742.228
620.083 631.986
888.431 858.974
766.143 260.385
483.683 462.991
93.0906 372.626
519.045 788.909
396.035 656.773
782.338 644.078
720.649 635.882
667.545 17.1832
797.428 472.489
416.991 58.6745
642.08 440.049
600.911 613.844
179.599 824.971
779.295 801.017
489.554 125.276
405.313 890.427
193.979 401.421
284.159 463.194
793.354 395.753
420.779 725.985
328.642 190.367
899.205 138.244
567.44 554.716
0.535538 0.7911
696.017 654.602
287.26 375.951
614.245 612.506
184.736 752.778
638.029 745.837
85.094 73.5639
687.605 566.615
192.467 192.192
72.9547 349.941
856.944 852.791
350.868 242.293
622.952 255.632
699.18 705.479
380.214 253.94
174.571 10.1846
172.642 884.913
219.649 737.754
122.809 358.329
540.909 159.192
745.52 141.958
889.144 231.452
210.239 91.4737
197.47 571.246
626.407 715.293
626.619 677.647
602.569 570.087
50.7966 538.395
204.307 286.9
629.851 105.693
686.314 473.511
498.52 529.19
296.7 632.691
128.741 145.519
436.793 774.203
731.939 501.152
665.097 284.407
121.799 475.694
279.665 529.307
466.275 387.763
232.959 333.204
353.716 402.18
428.307 349.048
251.364 70.4369
332.768 228.53
604.606 608.613
462.543 655.748
648.691 850.278
414.628 846.147
289.404 414.391
465.431 595.22
361.65 545.076
887.853 135.355
603.089 309.436
487.539 470.527
746.315 13.4555
246.789 578.681
491.523 826.063
239.952 873.078
222.06 759.578
624.622 410.177
735.392 19.8753
144.674 636.255
637.044 392.975
524.179 676.539
892.38 626.111
251.561 678.477
154.061 3.82853
446.122 71.9252
146.773 812.971
704.693 672.011
392.783 5.70752
526.309 466.631
60.1648 489.621
350.758 194.243
347.193 564.175
593.148 638.388
484.795 252.26
734.339 334.719
617.492 279.152
8.41277 93.4176
468.864 698.293
198.617 49.7509
63.5714 144.247
651.388 267.32
45.5424 430.024
411.446 467.99
401.841 135.28
257.348 750.314
626.074 519.999
613.048 298.058
51.7278 888.195
488.154 1.49168
770.574 26.4199
339.796 440.687
518.556 665.063
611.399 482.64
32.0289 110.256
876.02 169.448
316.187 552.713
546.851 113.34
497.576 858.626
321.233 754.292
876.827 233.113
226.375 381.902
731.743 808.123
220.128 684.556
625.371 406.666
237.258 598.953
104.914 188.606
102.308 492.278
5.47144 158.377
539.424 388.718
74.2559 618.673
337.779 752.586
111.274 876.012
26.6718 72.3178
444.82 692.494
840.628 225.14
323.692 692.203
449.96 674.327
604.713 613.499
681.093 32.7309
207.515 199.501
506.342 587.36
554.95 334.319
202.321 210.322
587.711 149.335
669.694 143.782
42.8748 595.794
112.45 854.242
435.763 558.941
822.623 16.1501
534.191 649.685
446.924 48.325
397.469 467.258
694.75 58.8207
398.511 879.463
420.967 296.151
401.337 668.947
184.807 154.241
335.268 845.753
868.366 229.462
63.3017 111.464
473.704 144.075
465.937 94.6664
757.419 331.706
381.502 294.505
642.192 519.098
784.696 682.421
752.938 629.812
350.154 841.718
545.043 325.875
485.554 409.565
361.523 216.397
74.7772 379.421
425.142 260.79
94.4723 194.748
721.817 474.695
601.939 777.279
219.375 640.408
237.297 344.539
72.905 413.787
209.58 715.818
442.209 2.9059
239.507 598.22
382.672 168.142
867.128 120.635
716.27 851.44
154.04 545.401
57.4233 312.743
263.221 458.693
743.253 750.905
653.799 296.491
721.876 568.587
40.8067 37.2784
137.984 690.359
55.5583 467.373
836.235 198.464
184.107 80.0934
629.722 635.815
445.168 235.601
640.414 340.53
180.58 209.347
392.487 422.549
775.069 879.515
400.067 30.8188
471.395 28.4749
677.857 532.43
740.602 296.621
208.87 482.876
387.557 363.223
888.593 870.219
765.478 780.763
280.445 133.551
897.839 575.571
421.267 838.724
621.696 733.866
487.381 515.526
143.295 850.726
739.201 139.873
36.9673 309.252
99.0175 86.8845
466.896 20.1645
505.336 771.189
465.217 607.073
663.458 628.615
20.5196 172.785
603.892 311.285
59.6613 126.639
829.006 199.491
342.103 527.414
150.582 23.7057
622.014 686.11
642.326 69.5919
530.829 832.953
836.728 387.402
455.373 748.131
827.313 541.474
651.453 467.403
441.735 145.278
878.504 516.924
245.926 478.285
628.703 600.345
87.6893 493.863
549.664 601.169
445.613 514.425
529.999 397.182
136.095 452.047
658.228 28.4909
46.4551 469.857
288.578 31.5536
220.628 96.4625
344.672 496.647
537.452 550
841.727 694.828
461.834 438.013
585.115 627.296
366.784 438.165
431.805 639.405
480.779 248.982
544.985 252.093
633.033 477.441
844.429 211.863
372.145 537.729
704.702 828.227
613.342 739.06
474.672 207.243
129.316 809.569
226.28 586.363
4.33405 842.343
247.818 772.89
251.036 857.188
456.138 110.655
374.828 632.224
392.842 96.965
689.558 89.8791
397.139 310.119
267.358 681.859
304.659 297.683
50.0456 515.865
436.758 182.234
103.027 876.913
778.149 442.657
330.655 724.421
145.983 143.622
51.9507 134.326
421.291 342.548
795.335 381.72
371.023 586.165
277.495 54.1282
732.975 807.892
827.543 811.096
693.042 153.717
515.198 28.2634
722.941 469.993
775.46 249.478
782.545 528.176
350.255 730.706
473.103 845.885
378.034 521.876
674.231 792.706
304.276 170.594
668.814 647.028
791.246 65.5822
639.102 791.154
323.442 80.8678
144.926 375.117
86.7857 607.224
506.351 731.742
790.373 692.424
571.685 806.872
790.572 437.824
101.764 339.736
344.358 618.82
109.566 69.1396
128.972 429.877
637.729 214.217
351.87 878.293
565.89 613.079
817.822 326.16
773.292 714.85
385.986 66.1599
448.768 435.486
405.661 449.692
666.683 839.559
270.11 131.576
99.0167 72.2899
875.229 367.36
214.569 866.845
750.127 178.272
116.533 176.677
305.207 518.111
396.241 527.107
389.59 331.383
344.085 540.12
386.526 133.909
603.177 895.861
628.26 362.466
764.351 737.575
714.044 336.825
8.6471 431.801
575.152 581.846
580.408 719.132
339.628 321.905
350.551 300.876
624.23 130.408
262.373 600.171
768.929 283.229
129.728 542.025
5.02938 828.747
343.76 464.879
310.01 237.72
261.9 750.284
111.952 571.158
43.8277 412.241
339.135 140.286
680.27 599.376
10.3775 715.393
504.823 259.789
374.004 288.55
463.131 647.24
757.84 208.706
418.507 336.024
45.0388 66.4653
182.204 509.565
748.372 380.297
755.594 263.739
163.076 321.773
840.699 530.478
332.137 416.753
565.048 850.007
365.208 45.4335
400.365 536.335
673.48 777.755
117.921 94.1215
598.778 750.04
523.157 592.734
883.83 17.0244
829.326 175.211
870.951 470.765
250.916 647.816
531.413 753.374
751.223 593.899
657.404 578.724
314.576 481.389
597.733 291.086
782.269 398.133
826.171 249.001
856.578 105.514
374.407 752.738
866.282 299.636
473.564 482.361
736.297 836.901
596.604 218.906
847.286 537.051
113.43 222.276
798.053 176.56
146.662 752.398
542.165 560.919
754.811 604.484
352.4 784.156
600.613 104.046
0.0362027 608.459
565.878 409.093
516.912 29.0424
316.253 769.575
333.754 595.283
518.787 53.9638
670.022 251.544
398.361 158.778
82.6208 807.521
893.178 534.743
29.7032 621.839
438.491 512.406
806.152 391.053
619.735 182.843
433.548 245.199
852.408 219.87
857.936 429.257
114.379 865.293
771.441 195.669
6.30715 704.227
45.354 864.05
577.237 516.06
123.384 116.139
742.164 451.669
590.299 454.553
473.809 106.558
812.751 602.014
249.827 348.037
352.344 747.987
218.701 111.1
655.476 583.268
181.095 763.826
20.3008 95.0062
169.181 324.871
701.693 647.284
599.728 522.873
316.055 141.439
262.882 152.199
201.327 604.217
364.289 797.86
521.426 307.663
393.517 629.675
750.855 712.784
764.161 253.998
238.196 152.965
480.179 65.8654
898.862 675.154
109.999 148.14
382.596 695.882
192.211 390.536
29.7695 836.39
95.4388 239.658
433.844 713.503
231.772 192.524
254.218 342.565
187.311 835.675
687.658 554.907
518.268 320.701
817.063 178.111
102.696 712.027
628.347 16.4261
673.172 103.076
805.468 589.166
311.302 344.172
193.544 298.163
16.0066 822.932
706.923 354.106
656.985 748.396
790.017 116.648
309.083 847.863
325.972 316.855
72.5897 514.702
698.754 759.782
443.966 735.585
578.461 391.838
317.083 314.241
253.39 827.207
563.537 670.122
141.786 698.776
226.76 550.852
769.143 283.147
547.6 113.33
336.296 119.964
235.676 113.428
182.536 675.473
63.8551 413.023
866.92 211.208
177.766 615.552
73.1939 768.813
137.306 108.159
728.212 849.774
40.9683 54.2362
746.75 127.061
721.051 204.74
359.293 539.275
589.686 48.3541
887.728 731.075
372.222 28.6546
97.2439 877.021
780.408 603.972
750.932 214.396
645.245 530.737
200.286 204.986
1.41626 403.033
368.789 839.705
20.2155 462.149
338.851 773.56
714.485 548.522
298.623 561.605
588.486 579.951
233.208 23.4003
888.338 186.974
578.093 504.292
339.24 108.622
404.196 123.944
527.22 488.34
435.241 797.94
73.4353 326.334
90.7283 269.29
757.501 821.702
745.135 873.269
731.952 718.085
755.817 403.848
577.886 624.534
734.184 421.389
174.27 361.399
837.587 420.488
340.6 465.836
204.981 809.341
887.263 123.295
412.633 620.221
251.114 368.351
665.939 28.1296
273.539 173.382
731.871 247.382
645.985 367.764
706.566 650.064
519.353 569.645
718.737 0.247814
565.016 311.788
424.671 442.987
476.658 286.694
772.132 124.202
359.228 348.222
761.793 50.5213
411.191 688.979
263.246 865.729
900 899.183
667.455 314.804
716.927 179.1
540.661 488.542
226.524 181.455
518.062 462.383
672.931 547.218
890.672 718.606
499.3 132.004
96.3094 471.406
221.67 514.464
300.929 610.839
62.43 760.177
788.636 298.866
130.86 669.667
595.702 362.505
526.525 499.908
444.705 553.052
832.347 552.534
230.745 35.697
558.643 309.14
21.7501 154.254
549.651 381.461
511.594 657.336
336.576 329.08
338.649 77.9452
524.804 376.349
99.7259 292.736
616.648 507.585
784.684 478.674
877.085 54.2172
427.81 99.119
892.961 494.564
628.834 114.513
427.486 53.4123
400.597 826.18
395.56 772.66
897.459 494.372
111.856 761.693
171.232 597.911
590.646 875.874
411.855 143.412
125.267 255
875.667 538.161
766.988 56.5975
833.061 854.455
420.001 254.008
414.226 387.742
779.525 178.768
346.289 683.277
732.802 605.465
649.427 615.029
282.588 151.634
619.238 828.842
149.188 3.43659
158.676 160.337
178.247 601.446
607.007 465.734
291.065 420.271
288.742 84.2794
783.394 400.609
132.997 586.842
847.784 794.116
594.835 183.522
153.312 14.4671
148.872 98.1749
325.073 505.02
867.456 220.945
21.4748 27.0362
797.555 797.717
821.901 492.661
155.319 438.343
732.977 842.948
524.757 494.016
424.578 678.003
299.081 155.213
461.667 342.384
745.349 870.334
4.30007 271.251
409.11 801.408
759.18 225.321
660.52 755.601
380.665 637.631
365.287 473.67
473.004 82.3802
363.319 703.918
238.31 277.073
166.471 680.964
558.606 580.811
294.582 138.809
165.92 409.679
479.863 146.185
833.193 368.152
28.0687 150.557
508.555 886.888
126.233 300.213
278.207 318.894
146.581 289.935
341.624 577.238
542.08 33.9145
301.593 70.3927
489.626 442.01
259.084 227.447
395.389 592.753
293.021 1.49791
875.427 90.7828
286.539 859.964
314.342 148.866
886.941 104.798
37.6965 864.861
706.753 198.351
91.3149 229.107
393.76 218.71
254.334 494.306
794.072 766.485
603.422 501.85
682.05 811.797
768.042 683.728
210.555 898.461
235.154 337.536
269.553 670.97
892.652 689.682
385.749 577.499
417.421 92.2214
163.692 777.025
453.022 837.878
808.233 262.05
566.227 877.86
489.644 747.602
49.3289 170.66
877.765 688.688
782.89 29.1049
466.594 337.893
872.701 173.833
205.714 537.253
806.854 494.531
76.2956 699.286
693.981 637.559
46.7422 795.209
64.4729 895.195
242.926 449.796
618.586 673.592
850.183 620.737
820.596 154.105
733.799 254.545
433.69 819.768
632.865 359.377
151.592 812.245
189.058 493.529
335.499 236.837
726.032 212.251
593.021 302.045
469.918 407.595
546.183 600.394
19.5893 737.285
339.584 487.617
872.73 671.656
713.958 682.829
407.906 366.075
219.803 632.052
192.437 595.06
366.344 248.754
308.834 271.317
619.561 858.863
700.364 812.074
19.4905 876.816
48.3768 368.962
147.196 716.435
10.4208 541.806
829.321 98.9344
490.514 65.7346
500.866 345.043
433.287 351.84
367.805 503.198
846.971 629.127
530.673 10.0288
254.486 348.645
671.215 509.121
498.878 241.727
105.447 145.458
318.875 727.479
239.161 172.504
373.004 583.339
476.698 65.5693
422.951 341.06
88.9715 443.929
119.533 194.621
394.462 317.814
894.425 802.935
314.946 395.236
721.467 883.952
271.097 518.974
496.729 128.92
455.891 449.852
656.677 74.3378
195.357 155.634
346.697 337.16
237.928 148.216
770.853 220.884
804.029 712.041
867.777 225.671
255.673 494.833
647.008 463.762
437.837 316.682
772.629 370.99
18.3628 824.119
863.564 511.769
898.094 360.471
528.894 725.72
367.403 39.0665
490.892 117.089
517.229 872.298
613.202 186.488
507.476 747.615
263.585 275.456
880.186 886.43
525.335 299.582
469.416 74.1553
726.966 613.491
535.288 183.738
180.362 147.543
252.709 177.719
713.75 784.644
710.281 81.671
144.007 222.323
685.296 465.363
352.614 781.193
299.425 537.033
702.189 888.056
858.919 740.519
699.335 617.788
757.754 565.199
691.555 356.99
526.732 378.046
721.44 429.983
621.695 732.26
495.827 265.314
528.288 426.888
808.776 386.317
233.927 417.63
0.0352388 592.258
82.6564 506.076
611.138 600.861
670.738 587.219
883.79 251.723
704.493 4.66342
78.1314 53.2775
834.093 193.194
703.221 228.295
257.932 664.346
266.272 425.871
818.976 830.755
802.608 225.589
677.165 615.519
421.296 426.53
187.878 455.751
807.994 751.56
862.836 875.792
826.592 133.833
236.601 356.839
694.306 693.556
698.144 409.031
376.806 572.689
582.387 667.802
746.543 244.922
702.199 162.367
107.997 708.937
892.668 69.5295
382.439 757.005
570.188 850.33
387.318 851.367
718.703 339.461
222.113 745.835
37.4431 205.741
84.6002 775.287
39.142 859.187
741.809 782.113
460.777 675.094
898.47 375.712
190.442 363.337
98.0143 325.852
87.1889 183.534
348.381 741.222
809.286 869.253
735.359 375.155
735.697 652.467
412.672 373.591
533.435 543.024
600.767 888.688
665.188 3.78193
562.915 117.16
806.486 610.049
295.497 213.15
406.314 612.67
232.947 131.394
633.465 538.902
621.87 66.3409
791.681 182.668
195.065 659.339
707.061 862.394
643.914 666.43
175.706 193.903
18.4123 755.244
684.745 196.762
378.178 243.631
609.166 752.261
45.443 560.533
570.323 411.959
98.5693 652.711
15.7656 371.553
484.357 92.0317
576.319 392.195
25.0204 218.23
296.91 568.658
338.192 490.176
691.966 71.047
686.449 43.4382
166.135 423.297
754.633 304.607
331.515 768.419
708.042 250.707
733.768 632.999
808.103 783.339
371.534 163.783
498.999 477.838
315.872 652.763
874.791 211.794
126.764 213.972
721.404 740.071
360.914 781.1
542.134 34.7938
679.618 438.941
880.742 319.727
656.896 148.539
790.991 279.295
609.826 135.334
259.066 816.036
19.952 532.543
850.137 746.398
511.298 190.208
27.3412 523.906
577.482 139.553
61.4373 276.773
516.876 331.748
189.03 31.4739
681.256 58.7046
247.813 693.535
336.787 272.584
318.99 870.528
560.054 628.043
311.932 138.988
464.408 508.915
626.776 620.089
726.901 412.957
662.519 145.618
295.056 11.2154
396.574 724.945
839.788 507.141
510.354 518.087
889.008 655.608
100.057 459.743
400.037 427.298
490.488 526.664
133.644 653.06
472.911 310.67
529.014 29.6613
818.057 681.815
457.171 368.229
416.889 146.28
623.956 31.2027
623.482 154.556
225.653 852.328
669.087 738.083
259.838 299.375
589.996 751.531
381.883 397.251
388.288 53.1413
344.837 579.858
466.21 187.997
664.046 619.966
461.988 330.318
452.068 111.351
374.031 731.911
26.2145 486.5
104.353 659.599
568.828 494.714
459.704 636.138
460.883 648.854
878.083 634.769
851.827 343.98
567.149 165.921
439.869 273.726
618.155 630.212
764.494 441.234
720.46 161.314
404.844 210.61
21.1266 474.92
784.62 305.04
412.846 607.15
168.872 537.063
321.446 738.84
380.791 46.6866
760.512 124.819
831.61 770.455
738.122 20.026
877.417 248.025
662.355 89.2573
746.142 703.958
11.1274 717.644
544.81 15.505
492.471 564.142
26.1487 280.789
519.337 288.558
586.46 732.859
662.067 663.35
617.91 116.778
678.806 284.56
2.89723 93.6879
512.459 795.43
190.614 554.514
216.867 790.39
79.8084 339.266
534.303 723.416
350.782 583.086
718.044 56.7611
882.843 532.705
865.425 298.154
777.386 225.628
425.456 142.969
783.676 643.288
35.7747 64.7832
711.143 167.29
37.1758 214.072
614.38 173.481
586.274 309.957
246.075 285.311
20.4547 882.127
205.504 595.96
199.092 836.012
55.5726 707.614
259.641 586.116
346.151 163.043
666.593 231.468
480.176 21.8632
253.956 435.351
841.362 870.901
528.363 796.937
311.113 782.353
5.90068 172.659
280.77 203.193
459.067 736.152
198.375 489.342
172.706 164.752
580.199 804.281
445.437 251.528
125.163 316.592
165.397 623.905
74.1143 38.8424
324.467 219.621
267.134 513.61
345.732 315.986
780.012 260.352
826.869 288.67
672.398 596.205
714.449 840.535
464.474 715.513
728.178 276.773
520.194 290.617
90.1264 53.2648
621.288 175.504
390.026 464.288
290.533 488.903
885.521 551.128
6.26425 883.161
474.319 578.9
564.632 172.176
256.67 154.513
399.205 835.91
129.717 357.648
785.201 176.324
680.492 721.193
781.915 741.834
295.354 513.836
542.832 75.8152
725.168 98.2315
375.526 669.703
291.236 593.726
453.428 456.126
808.655 158.208
407.737 241.207
368.014 409.167
858.926 863.024
434.025 156.775
616.539 464.212
815.907 536.959
360.372 668.828
882.401 311.302
342.284 866.63
746.159 89.5948
119.474 93.9672
706.945 714.816
702.103 342.091
315.947 125.854
219.021 87.1793
21.9081 108.903
633.471 641.952
79.9263 521.618
837.968 528.883
530.672 895.801
518.787 58.169
245.275 338.284
231.077 214.615
729.392 884.593
247.19 120.702
40.1962 577.505
520.908 590.087
481.747 315.989
827.649 791.407
69.7837 154.428
766.742 435.084
860.915 86.4068
537.908 110.763
390.273 108.405
356.966 120.682
595.061 379.432
606.244 232.054
426.067 512.935
702.414 168.371
209.653 138.94
570.277 540.551
437.02 87.4474
27.9175 308.967
706.469 825.321
371.842 838.165
239.324 220.912
366.372 720.029
127.746 528.08
533.5 730.661
612.416 464.797
740.941 592.979
496.207 345.111
679.281 175.005
115 503.66
515.073 631.591
546.804 237.585
693.093 105.727
344.966 46.0589
110.903 42.5268
148.32 714.578
311.082 252.101
757.679 200.87
117.032 457.324
236.275 269.314
256.078 99.2539
459.62 131.998
882.159 740.151
815.804 618.83
277.664 203.522
597.885 146.735
178.838 629.101
99.6594 74.114
33.7428 114.444
167.193 210.708
762.479 771.926
261.714 331.763
430.814 180.978
598.716 620.69
39.1853 687.262
204.933 11.8281
794.575 212.039
643.135 165.792
56.7555 789.027
576.085 48.8673
513.158 843.235
839.966 796.938
323.722 289.73
486.075 158.022
868.79 146.442
647.944 887.211
144.885 579.598
594.553 844.527
65.3716 699.951
172.131 398.539
446.821 118.37
448.01 306.75
344.019 329.682
565.839 652.814
841.995 695.871
1.17091 779.435
454.976 378.399
353.727 589.712
484.171 561.537
342.365 425.873
845.207 692.806
689.406 237.371
699.838 79.1275
596.032 509.515
817.712 272.461
53.5567 127.472
426.29 647.677
8.60814 677.002
560.877 58.08
550.201 622
444.136 896.454
690.922 523.645
695.337 22.2929
276.071 419.716
865.644 372.764
139.293 191.886
330.122 751.594
534.484 166.837
521.612 735.714
48.2192 420.456
694.232 355
390.712 293.251
267.098 819.746
271.521 459.699
553.867 135.653
225.706 847.896
885.569 452.86
810.974 441.245
2.10318 248.147
899.888 813.252
22.4932 42.4676
52.5265 812.027
138.989 481.511
845.29 275.526
262.357 329.868
82.5706 864.414
400.797 593.563
402.132 525.314
853.601 465.262
454.117 334.719
618.95 484.642
377.684 39.9371
723.401 90.3887
863.029 522.248
616.492 577.533
97.8244 734.59
54.3863 570.808
471.348 151.136
336.971 669.453
587.684 603.023
103.711 665.755
539.397 838.377
192.62 55.026
521.213 326.594
871.254 158.228
732.566 238.181
813.549 507.702
43.4541 432.677
892.594 629.53
106.285 732.043
439.531 1.83129
178.483 63.5316
375.487 0.00563935
94.7805 875.23
382.694 536.558
824.352 283.33
29.1202 723.267
551.193 204.847
363.559 240.032
422.728 182.087
341.785 581.222
887.501 528.115
216.897 386.233
622.145 192.256
242.736 858.126
19.5108 318.268
431.613 120.201
618.611 198.575
249.386 123.14
510.735 614.247
646.055 647.772
706.113 233.549
359.154 897.438
139.72 176.986
106.518 140.504
750.548 55.1169
249.09 557.21
526.782 316.687
858.358 322.767
443.502 131.799
242.605 468.8
520.115 776.693
273.794 858.233
10.8094 774.065
202.197 816.531
230.633 855.246
216.44 811.651
104.173 330.801
463.201 15.0694
371.434 294.749
252.837 524.719
743.633 837.077
842.321 785.143
98.633 824.845
464.21 769.08
120.064 122.608
573.358 129.466
634.698 564.936
783.256 779.904
235.06 549.844
21.9299 475.086
862.964 330.448
839.894 494.953
866.066 266.5
656.704 519.826
410.411 168.421
154.316 694.187
501.356 493.634
300.948 23.3196
432.236 687.195
874.858 436.524
748.605 705.946
123.593 26.3122
329.373 772.305
326.368 657.136
582.632 299.198
311.455 215.81
121.814 730.804
311.715 91.5106
817.706 175.187
470.388 208.923
463.8 183.683
164.881 59.4664
451.311 883.052
452.197 474.678
318.048 328.167
294.16 248.983
551.634 406.598
895.315 446.593
783.474 839.587
741.251 401.192
34.9285 243.312
636.707 135.209
862.83 779.708
550.321 842.854
734.797 826.742
854.271 31.5074
343.902 154.986
245.592 256.034
259.528 489.344
208.199 1.77461
125.896 28.494
98.1349 553.334
177.202 135.97
142.527 549.658
494.386 344.032
535.409 407.599
620.995 656.957
275.304 128.031
808.33 96.5829
567.512 871.598
540.371 118.752
565.914 115.234
834.45 803.399
26.8606 546.238
616.192 34.9462
540.698 209.581
726.242 150.543
269.195 61.483
144.18 436.308
731.571 614.931
443.448 127.208
476.208 816.648
391.242 207.475
423.641 223.879
729.672 197.237
260.552 587.659
187.809 203.129
285.475 82.2177
331.577 7.11535
787.593 775.616
178.516 622.107
445.81 231.896
467.481 852.454
96.8855 253.157
510.173 179.182
102.327 811.69
765.143 549.468
6.20248 745.041
202.256 17.6634
768.264 801.29
578.151 577.849
3.47351 779.313
212.167 84.7816
223.828 775.148
404.377 466.766
535.41 437.162
678.682 4.94047
234.447 149.716
782.865 498.212
743.207 877.912
455.847 621.15
557.376 620.636
23.6832 244.033
163.401 378.806
894.551 210.884
123.882 379.352
172.809 92.0157
306.967 387.679
612.252 415.29
279.667 569.302
350.68 682.081
426.863 380.34
578.95 509.577
62.7828 389.541
419.001 542.753
554.313 427.642
875.005 208.261
136.471 463.33
387.962 880.936
891.83 382.974
735.319 602.831
482.006 177.264
273.089 704.061
844.534 175.268
27.2643 130.944
271.962 657.815
299.473 439.102
889.331 688.291
400.388 25.3105
593.627 591.191
150.533 98.7579
223.609 700.397
474.79 399.612
475.043 138.727
586.609 534.589
129.045 751.45
821.315 542.009
636.656 179.607
57.2166 439.07
341.949 630.158
759.67 368.164
226.829 810.532
212.439 157.368
689.548 831.501
732.689 503.016
493.963 437.659
37.0845 479.307
704.203 534.148
823.969 142.443
33.6138 646.687
459.634 366.279
52.6929 9.91026
61.6382 52.8053
99.0111 879.404
345.298 216.714
17.2086 325.441
376.816 738.654
846.414 283.143
489.511 300.405
806.913 581.09
477.41 332.659
203.281 137.884
822.142 41.9408
199.45 547.07
203.678 510.976
164.9 375.068
165.233 569.912
702.227 626.634
34.8201 221.133
485.414 748.267
416.54 581.274
868.285 656.561
817.66 301.405
513.427 868.565
867.367 532.795
576.672 24.1237
447.165 498.422
674.146 261.18
348.524 447.748
397.993 271.972
835.099 6.60359
286.421 677.985
885.03 385.773
84.6615 5.08011
781.306 407.481
426.168 395.211
310.514 605.695
17.915 496.792
281.69 366.693
704.251 446.093
485.492 265.473
499.82 777.179
336.628 300.579
136.972 779.675
889.189 99.1341
246.648 13.0435
521.99 783.35
557.826 84.0617
723.605 818.658
880.977 682.066
187.2 764.423
154.971 895.913
598.055 311.858
695.241 207.961
500.125 494.436
282.637 80.407
500.16 178.875
359.043 836.766
119.816 445.266
89.5536 326.413
517.753 679.88
335.843 612.501
98.929 398.776
832.397 497.521
831.657 648.837
599.841 629.632
22.5327 706.22
232.878 772.721
119.082 711.085
108.194 415.314
675.335 454.258
6.6675 460.555
547.487 15.2765
252.454 390.544
168.087 843.181
834.98 701.035
389.061 444.89
65.3878 72.3249
563.388 850.523
34.5771 637.044
387.509 458.188
361.782 71.1276
241.473 330.465
222.517 334.943
783.219 156.604
434.074 86.3787
66.7734 859.531
234.405 350.168
174.978 549.895
889.14 177.546
517.416 408.696
152.956 330.345
1.2189 686.09
310.108 87.7919
418.309 622.828
866.651 198.381
581.982 159.196
813.83 730.081
763.517 221.533
9.24086 511.044
412.289 238.268
461.296 401.827
809.452 47.6251
334.303 822.382
474.64 567.623
30.3611 878.209
58.3339 318.111
487.396 763.099
404.455 865.004
410.554 772.447
16.7003 781.006
762.379 5.94956
94.2119 318.082
7.31625 564.175
591.704 669.666
575.613 231.311
538.784 436.749
37.7598 128.612
678.226 442.578
812.731 265.972
785.511 871.197
99.8998 514.561
124.326 647.005
405.355 697.631
785.284 658.424
635.65 369.747
739.557 731.955
758.552 471.95
361.167 528.393
397.535 662.657
665.577 244.289
863.466 667.206
617.98 382.952
372.158 760.078
32.7246 102.112
801.185 616.105
370.843 258.903
779.582 224.248
631.862 595.435
379.29 17.115
551.85 433.98
292.439 112.534
463.918 364.318
382.849 434.005
711.632 300.082
769.504 45.0885
1.78856 360.255
501.253 548.387
739.804 385.573
325.013 384.151
717.832 89.3994
435.862 428.418
426.978 512.091
11.8923 73.2727
294.38 342.406
217.229 572.491
849.032 174.379
390.269 53.689
549.981 532.753
780.258 797.122
718.78 733.733
47.0587 715.903
77.4397 128.647
365.913 194.013
69.7376 279.568
697.028 547.874
208.358 873.47
499.018 797.377
506.455 684.66
571.702 198.947
201.903 375.085
449.497 93.376
669.816 395.671
833.481 703.428
107.033 697.308
745.085 42.3551
862.292 734.436
159.285 505.403
109.512 68.1969
485.491 240.925
131.548 521.086
880.489 576.139
71.4836 824.236
130.005 685.957
782.38 458.778
372.539 860.542
122.402 701.644
718.948 858.615
135.616 498.878
236.522 819.664
692.359 370.672
83.9894 409.406
383.13 660.081
583.3 712.453
598.338 559.122
266.008 495.061
886.596 615.935
213.166 674.398
8.06436 537.653
333.013 742.415
166.87 188.154
598.353 810.767
553.125 275.228
647.748 294.026
695.468 418.761
116.852 126.708
187.573 738.114
769.248 249.313
709.251 784.103
615.322 709.834
670.608 210.811
700.667 512.292
694.582 828.297
884.363 880.611
821.005 733.232
627.214 777.824
376.981 819.625
29.0574 566.898
446.162 747.56
240.948 509.226
453.282 702.083
1.42044 473.336
259.586 566.754
728.486 56.966
727.326 370.643
488.35 600.206
451.438 322.417
853.815 458.559
291.02 563.922
832.204 854.777
430.13 388.742
476.376 43.3816
114.794 642.229
245.209 120.901
683.758 709.357
762.082 406.957
615.719 190.278
306.272 410.699
514.115 723.23
827.182 147.077
515.571 893.579
78.631 350.139
585.15 307.503
394.401 187.605
367.605 731.997
576.266 392.197
44.9965 255.281
203.935 327.255
273.289 461.604
168.644 305.35
222.595 753.586
716.837 481.645
410.582 346.462
886.992 75.1919
149.729 99.5576
163.875 241.126
799.304 502.01
675.517 809.892
255.371 810.85
147.059 215.522
671.55 730.668
729.652 748.248
106.425 388.495
836.317 666.139
688.814 196.918
303.441 529.364
522.793 781.078
175.303 613.972
527.001 402.743
894.28 161.809
623.985 512.508
721.223 395.1
245.601 418.617
399.232 383.187
714.31 301.811
140.241 823.943
597.99 121.009
700.484 131.427
294.357 857.565
488.496 345.346
121.285 830.675
341.575 657.003
142.577 498.167
887.302 779.566
869.166 173.348
153.411 779
347.653 202.673
727.621 826.268
76.4975 492.238
234.507 252.8
812.865 716.663
246.395 262.982
41.673 197.885
347.316 838.942
695.016 31.4991
205.443 480.515
305.155 538.955
614.501 416.691
427.78 502.409
189.391 696.064
547.832 402.471
819.975 510.391
236.703 264.627
689.288 53.1097
714.106 481.523
151.375 754.871
712.822 496.871
716.02 241.5
789.04 795.06
270.949 745.589
407.006 541.055
799.804 794.448
781.416 456.073
817.496 250.116
700.999 693.556
687.206 158.664
867.247 317.4
233.619 628.547
692.283 895.707
749.613 542.107
487.144 120.673
452.404 348.091
359.112 195.044
304.694 890.575
887.263 125.971
398.557 737.241
509.459 774.746
849.981 817.389
245.272 292.753
896.841 5.09231
86.3842 157.912
830.228 33.9428
776.82 602.734
651.516 628.401
25.0605 891.992
400.939 272.999
85.939 775.771
81.7741 76.1945
799.514 420.002
268.976 880.246
82.9207 447.903
296.109 605.733
656.106 361.573
159.841 849.591
562.752 66.3993
872.859 138.399
474.219 700.808
176.634 481.457
842.769 214.027
743.373 59.8194
83.5635 450.861
514.449 40.029
467.133 403.409
399.379 160.009
75.43 551.534
535.466 470.717
340.126 601.27
335.728 483.927
57.1747 635.281
466.889 794.878
808.962 814.51
456.311 309.306
99.115 824.285
50.4726 492.132
259.606 894.978
186.552 684.09
888.289 269.599
542.498 766.729
215.707 190.944
691.423 845.385
78.7145 854.8
824.29 139.519
402.778 585.841
224.449 405.626
757.92 652.523
456.574 241.145
215.561 425.645
606.542 748.938
899.944 854.506
377.66 527.752
427.943 529.369
603.451 96.3687
568.193 616.367
272.873 674.221
631.39 773.695
284.814 664.024
255.284 248.289
591.362 315.331
569.496 20.4089
112.747 438.549
583.596 293.358
266.694 331.906
134.867 516.898
705.714 732.854
569.463 368.779
669.057 230.822
417.022 593.78
456.885 62.6985
773.596 428.677
278.983 764.175
485.603 322.806
205.704 367.668
893.446 536.167
561.777 785.679
98.7479 55.9966
634.511 128.968
364.927 718.779
721.209 160.29
296.266 545.499
794.514 87.4227
513.218 50.4177
469.459 801.456
667.849 638.28
462.723 76.7269
748.068 680.206
411.415 853.065
457.223 340.954
114.028 375.803
812.952 385.337
859.413 42.0504
241.209 405.909
115.137 99.8957
446.962 692.989
157.155 706.571
727.172 469.104
219.961 577.431
182.901 516.607
309.461 3.52085
674.966 551.477
464.213 818.055
644.082 774.033
568.289 427.008
115.598 656.031
14.9945 13.0221
162.795 90.794
473.762 206.932
304.86 77.3217
844.794 46.4532
439.006 166.617
435.374 321.808
528.013 307.559
446.77 152.738
263.568 882.331
29.6378 422.495
772.619 201.855
481.531 288.622
767.293 685.555
314.91 688.679
619.271 486.952
506.167 352.37
287.558 891.188
386.263 223.596
468.264 511.379
643.514 228.67
249.359 569.559
172.454 429.996
848.335 156.144
816.99 739.294
815.056 634.59
545.59 522.334
270.966 128.387
506.596 359.327
209.535 859.081
774.551 270.94
583.062 314.374
687.571 895.974
730.336 543.577
899.346 705.467
173.375 607.507
759.313 675.173
433.708 222.056
701.01 861.584
537.748 127.129
56.2542 463.603
477.87 852.935
78.3216 549.892
838.743 39.9594
196.944 731.172
198.331 642.664
357.413 436.746
880.903 332.889
456.681 241.1
365.305 771.275
115.782 154.801
747.371 657.611
458.434 890.945
808.309 638.163
297.197 892.46
169.605 243.964
801.538 236.467
806.444 805.549
163.652 93.3459
164.308 330.473
359.038 753.812
11.338 657.775
519.21 866.633
803.65 639.879
345.05 546.107
208.517 845.207
682.445 246.528
691.486 92.9285
