300
0.00391319 65.7689
377.803 229.325
266.384 109.48
23.5223 339.432
339.648 467.346
191.751 259.708
415.483 17.2861
26.7308 264.85
335.575 3.84909
191.708 33.4211
208.743 343.386
294.488 465.218
423.083 263.464
45.9824 326.96
208 350.595
455.16 381.099
131.227 23.7323
368.041 164.117
316.319 378.205
495.519 182.669
123.519 491.275
361.33 376.678
325.759 36.3429
315.817 442.354
136.355 218.206
383.247 238.866
118.887 137.453
179.632 83.2536
243.259 448.828
454.604 30.2822
452.327 252.261
258.146 159.516
493.321 246.988
133.072 45.3665
473.882 36.8745
250.354 192.071
138.541 456.909
264.874 232.223
470.49 25.042
380.757 385.102
413.909 62.6827
7.93385 344.228
434.124 314.772
368.112 362.706
499.729 444.286
116.597 153.161
175.508 256.637
295.557 422.991
206.04 420.755
134.659 207.697
268.652 233.959
143.606 89.1639
76.86 285.827
401.203 16.5269
267.225 249.24
477.68 374.146
277.292 445.369
312.425 421.02
79.8838 106.376
357.355 65.2136
45.4952 137.294
1.4998 207.147
13.4381 354.91
468.949 119.955
90.448 158.77
443.495 326.029
75.1675 340.673
192.907 193.863
249.871 73.7665
293.593 422.788
295.054 477.704
278.073 74.0758
491.653 204.383
70.9099 282.449
126.063 244.257
232.015 480.548
63.0154 99.8786
159.625 314.635
63.3561 325.627
310.817 401.537
123.921 238.216
194.657 101.625
14.1876 450.837
213.249 71.0105
473.743 205.157
65.5943 442.824
46.0868 81.0993
35.5318 182.67
126.529 67.5547
391.577 227.654
174.762 226.15
404.472 465.837
325.823 107.624
339.796 454.461
125.063 430.43
235.631 252.978
300.197 408.781
377.922 231.123
475.684 316.369
219.665 412.349
344.49 351.103
493.573 477.207
425.635 144.658
268.713 257.217
51.717 207.014
288.358 438.283
220.019 364.874
434.632 357.821
400.36 353.268
370.858 9.5462
443.016 262.494
231.661 32.5969
356.711 244.472
333.84 341.025
99.7774 458.317
432.941 445.009
271.974 69.5975
225.174 494.681
107.766 223.012
157.866 257.33
440.752 219.863
233.766 403.325
182.579 105.759
499.558 76.8022
315.244 308.175
0.297521 0.4395
386.676 363.668
159.589 208.862
341.247 340.281
102.631 418.21
354.46 414.354
47.2744 40.8688
382.002 314.786
106.926 106.773
40.5304 194.412
476.08 473.773
194.927 134.607
346.085 142.018
388.433 391.933
211.23 141.078
96.9837 5.65811
95.9119 491.618
122.027 409.863
68.2275 199.072
300.505 88.4402
414.177 78.8656
493.969 128.584
116.8 50.8187
109.705 317.359
348.004 397.385
348.121 376.47
334.76 316.715
28.2203 299.108
113.504 159.389
349.917 58.7185
381.285 263.062
276.956 293.994
164.833 351.495
71.5226 80.8439
242.663 430.113
406.633 278.418
369.498 158.004
67.6661 264.274
155.369 294.06
259.042 215.424
129.421 185.113
196.509 223.433
237.948 193.916
139.647 39.1316
184.871 126.961
335.892 338.118
256.968 364.304
360.384 472.376
230.349 470.082
160.78 230.217
258.573 330.678
200.916 302.82
493.251 75.197
335.049 171.909
270.855 261.404
414.619 7.47529
137.105 321.489
273.068 458.924
133.307 485.043
123.367 421.988
347.012 227.876
408.551 11.0419
80.3745 353.475
353.913 218.319
291.211 375.855
495.767 347.84
139.756 376.931
85.5895 2.12696
247.846 39.9584
81.5405 451.651
391.496 373.34
218.213 3.17085
292.394 259.239
33.4249 272.011
194.866 107.913
192.885 313.431
329.527 354.66
269.331 140.144
407.966 185.955
343.051 155.084
4.67376 51.8986
260.48 387.94
110.343 27.6394
35.3174 80.137
361.882 148.511
25.3013 238.902
228.581 259.994
223.245 75.1558
142.971 416.841
347.819 288.888
340.582 165.587
28.7376 493.442
271.197 0.828708
428.096 14.6777
188.775 244.826
288.086 369.479
339.666 268.133
17.7939 61.2535
486.678 94.1379
175.659 307.063
303.806 62.9664
276.431 477.014
178.463 419.051
487.126 129.507
125.764 212.168
406.524 448.957
122.293 380.309
347.428 225.926
131.81 332.752
58.2855 104.781
56.8378 273.487
3.03969 87.9871
299.68 215.954
41.2533 343.707
187.655 418.103
61.8187 486.673
14.8176 40.1765
247.122 384.719
467.015 125.078
179.829 384.557
249.978 374.626
335.952 340.833
378.385 18.1838
115.286 110.834
281.301 326.311
308.305 185.733
112.401 116.846
326.506 82.9638
372.052 79.8789
23.8193 330.997
62.4725 474.579
242.09 310.523
457.013 8.97226
296.773 360.936
248.291 26.8472
220.816 259.587
385.972 32.6781
221.395 488.59
233.871 164.528
222.965 371.637
102.671 85.6897
186.26 469.863
482.426 127.479
35.1676 61.9244
263.169 80.0416
258.854 52.5924
420.788 184.281
211.945 163.614
356.773 288.388
435.942 379.123
418.299 349.896
194.53 467.621
302.801 181.042
269.752 227.536
200.846 120.22
41.5429 210.789
236.19 144.883
52.4846 108.193
401.009 263.72
334.41 431.821
121.875 355.782
131.831 191.411
40.5028 229.881
116.434 397.676
245.672 1.61439
133.06 332.344
212.596 93.4124
481.738 67.0196
397.928 473.022
85.5776 303.001
31.9018 173.746
146.234 254.829
412.918 417.169
363.222 164.717
401.042 315.882