900
0.00547846 92.0765
528.924 321.055
372.937 153.271
32.9312 475.205
475.508 654.285
268.452 363.592
581.676 24.2005
37.4232 370.79
469.805 5.38873
268.391 46.7896
292.24 480.741
412.284 651.306
592.317 368.85
64.3754 457.743
291.2 490.834
637.225 533.539
183.717 33.2252
515.257 229.764
442.847 529.487
693.726 255.737
172.927 687.785
505.862 527.349
456.063 50.8801
442.144 619.295
190.897 305.488
536.546 334.412
166.442 192.435
251.486 116.555
340.562 628.36
636.446 42.395
633.257 353.166
361.404 223.323
690.65 345.784
186.301 63.513
663.435 51.6244
350.495 268.9
193.957 639.672
370.823 325.112
658.686 35.0588
533.06 539.143
579.472 87.7558
11.1074 481.919
607.773 440.681
515.357 507.789
699.621 622.001
163.236 214.425
245.711 359.292
413.78 592.187
288.457 589.058
188.522 290.776
376.113 327.542
201.049 124.829
107.604 400.158
561.684 23.1376
374.115 348.936
668.753 523.805
388.209 623.516
437.395 589.428
111.837 148.926
500.297 91.2991
63.6932 192.212
2.09972 290.005
18.8134 496.874
656.528 167.938
126.627 222.278
620.894 456.441
105.235 476.942
270.07 271.408
349.819 103.273
411.031 591.903
413.076 668.786
389.302 103.706
688.314 286.137
99.2739 395.429
176.489 341.96
324.821 672.767
88.2216 139.83
223.475 440.489
88.6985 455.878
435.144 562.151
173.489 333.502
272.52 142.275
19.8626 631.172
298.548 99.4147
663.241 287.219
91.832 619.954
64.5216 113.539
49.7445 255.737
177.14 94.5766
548.207 318.715
244.667 316.61
566.261 652.172
456.152 150.674
475.715 636.245
175.088 602.602
329.884 354.169
420.276 572.293
529.091 323.572
665.957 442.917
307.531 577.288
482.287 491.545
691.002 668.091
595.889 202.521
376.198 360.104
72.4038 289.82
403.702 613.596
308.027 510.823
608.485 500.95
560.504 494.575
519.201 13.3647
620.222 367.491
324.326 45.6357
499.396 342.26
467.375 477.434
139.688 641.644
606.118 623.013
380.764 97.4365
315.243 692.554
150.872 312.216
221.013 360.262
617.053 307.808
327.272 564.655
255.611 148.063
699.382 107.523
441.342 431.445
0.41653 0.6153
541.347 509.135
223.424 292.407
477.746 476.393
143.683 585.494
496.245 580.096
66.1842 57.2163
534.804 440.7
149.697 149.483
56.7426 272.176
666.512 663.282
272.898 188.45
484.518 198.825
543.806 548.706
295.722 197.509
135.777 7.92136
134.277 688.265
170.838 573.808
95.5185 278.701
420.707 123.816
579.848 110.412
691.556 180.018
163.519 71.1462
153.587 444.302
487.205 556.339
487.37 527.058
468.665 443.401
39.5085 418.752
158.905 223.145
489.884 82.2059
533.8 368.286
387.738 411.592
230.767 492.093
100.132 113.181
339.728 602.158
569.286 389.785
517.298 221.205
94.7326 369.984
217.517 411.684
362.659 301.594
181.19 259.158
275.112 312.806
333.127 271.482
195.505 54.7843
258.819 177.746
470.249 473.366
359.756 510.026
504.538 661.327
322.488 658.114
225.092 322.304
362.002 462.949
281.283 423.948
690.552 105.276
469.069 240.672
379.197 365.965
580.467 10.4654
191.947 450.085
382.296 642.494
186.629 679.061
172.713 590.783
485.817 319.026
571.971 15.4586
112.524 494.865
495.479 305.647
407.695 526.197
694.073 486.976
195.658 527.704
119.825 2.97775
346.984 55.9418
114.157 632.311
548.095 522.676
305.498 4.43918
409.351 362.935
46.7948 380.816
272.812 151.078
270.039 438.803
461.337 496.524
377.063 196.202
571.153 260.337
480.271 217.118
6.54327 72.6581
364.672 543.116
154.48 38.6952
49.4444 112.192
506.635 207.916
35.4218 334.463
320.013 363.992
312.543 105.218
200.16 583.578
486.946 404.443
476.815 231.823
40.2327 690.818
379.675 1.16019
599.335 20.5488
264.285 342.756
403.321 517.271
475.533 375.387
24.9114 85.7548
681.349 131.793
245.923 429.888
425.328 88.153
387.004 667.82
249.848 586.671
681.977 181.31
176.069 297.035
569.134 628.54
171.21 532.432
486.4 316.296
184.534 465.853
81.5998 146.694
79.573 382.882
4.25556 123.182
419.552 302.336
57.7546 481.19
262.717 585.345
86.5462 681.342
20.7447 56.2472
345.971 538.606
653.821 175.109
251.761 538.38
349.969 524.476
470.333 477.166
529.739 25.4573
161.4 155.167
393.822 456.835
431.627 260.026
157.361 163.584
457.108 116.149
520.873 111.83
33.347 463.396
87.4615 664.41
338.926 434.732
639.818 12.5612
415.482 505.31
347.607 37.5861
309.143 363.423
540.361 45.7494
309.953 684.026
327.419 230.339
312.151 520.292
143.739 119.966
260.764 657.808
675.396 178.47
49.2347 86.6942
368.437 112.058
362.395 73.6294
589.103 257.994
296.723 229.059
499.483 403.743
610.319 530.772
585.619 489.854
272.342 654.669
423.922 253.459
377.653 318.551
281.185 168.308
58.16 295.105
330.666 202.837
73.4784 151.47
561.413 369.207
468.174 604.55
170.625 498.095
184.564 267.975
56.7039 321.834
163.007 556.747
343.94 2.26015
186.283 465.282
297.634 130.777
674.433 93.8274
557.099 662.231
119.809 424.201
44.6625 243.244
204.728 356.761
578.086 584.037
508.51 230.604
561.459 442.234
31.7385 28.9943
107.321 536.946
43.212 363.512
650.405 154.361
143.194 62.2949
489.784 494.523
346.242 183.245
498.1 264.856
140.451 162.825
305.267 328.649
602.831 684.067
311.164 23.9702
366.64 22.1472
527.222 414.112
576.024 230.705
162.455 375.57
301.433 282.507
691.128 676.837
595.372 607.26
218.124 103.873
698.319 447.666
327.652 652.341
483.541 570.785
379.074 400.965
111.451 661.675
574.934 108.79
28.7523 240.529
77.0136 67.5768
363.141 15.6835
393.039 599.813
361.836 472.167
516.023 488.922
15.9597 134.389
469.694 242.11
46.4032 98.4974
644.782 155.16
266.08 410.211
117.119 18.4378
483.789 533.641
499.587 54.127
412.867 647.852
650.789 301.312
354.179 581.879
643.465 421.146
506.686 363.536
343.572 112.994
683.281 402.052
191.276 371.999
488.991 466.935
68.2028 384.115
427.516 467.576
346.588 400.108
412.222 308.919
105.852 351.592
511.955 22.1596
36.1317 365.445
224.45 24.5417
171.6 75.0264
268.078 386.281
418.018 427.777
654.676 540.421
359.204 340.677
455.09 487.897
285.276 340.795
335.848 497.315
373.939 193.653
423.877 196.073
492.359 371.343
656.778 164.782
289.446 418.233
548.102 644.177
477.044 574.824
369.189 161.189
100.579 629.665
175.996 456.06
3.37093 655.155
192.747 601.136
195.25 666.702
354.774 86.0648
291.533 491.73
305.544 75.4172
536.323 69.9059
308.886 241.204
207.945 530.335
236.957 231.531
38.9243 401.228
339.7 141.737
80.1322 682.044
605.227 344.289
257.176 563.439
113.543 111.706
40.4061 104.476
327.671 266.426
618.593 296.894
288.574 455.906
215.829 42.0997
570.092 628.36
643.645 630.853
539.033 119.557
400.709 21.9826
562.288 365.55
603.135 194.039
608.646 410.803
272.42 568.327
367.969 657.91
294.027 405.904
524.402 616.549
236.659 132.684
520.188 503.244
615.413 51.0083
497.08 615.342
251.566 62.8972
112.72 291.758
67.5 472.285
393.828 569.133
614.734 538.552
444.644 627.567
614.889 340.53
79.1494 264.239
267.834 481.305
85.2177 53.7752
100.311 334.349
496.012 166.614
273.677 683.117
440.137 476.839
636.084 253.68
601.449 555.995
300.211 51.4577
349.041 338.711
315.514 349.76
518.531 652.991
210.085 102.337
77.0129 56.2254
680.734 285.724
166.887 674.212
583.432 138.656
90.6371 137.415
237.383 402.976
308.188 409.972
303.014 257.742
267.622 420.093
300.631 104.151
469.138 696.781
488.647 281.918
594.495 573.669
555.368 261.975
6.72552 335.845
447.341 452.547
451.429 559.324
264.155 250.37
272.65 234.015
485.512 101.428
204.068 466.8
598.056 220.289
100.9 421.575
3.91174 644.581
267.369 361.572
241.119 184.893
203.7 583.554
87.0735 444.234
34.0882 320.632
263.772 109.111
529.099 466.181
8.07143 556.417
392.64 202.058
290.892 224.428
360.213 503.409
589.431 162.327
325.505 261.352
35.0302 51.6952
141.715 396.328
582.067 295.787
587.684 205.13
126.837 250.268
653.877 412.594
258.328 324.141
439.481 661.117
284.05 35.3372
311.395 417.149
523.818 604.92
91.7162 73.2056
465.716 583.365
406.9 461.016
687.423 13.2412
645.031 136.275
677.406 366.151
195.157 503.856
413.321 585.957
584.284 461.921
511.314 450.119
244.67 374.413
464.903 226.4
608.432 309.659
642.577 193.667
666.227 82.0665
291.205 585.463
673.775 233.05
368.327 375.17
572.675 650.923
464.025 170.26
659 417.706
88.2236 172.882
620.708 137.325
114.071 585.198
421.684 436.27
587.075 470.154
274.089 609.899
467.144 80.9246
0.0281577 473.246
440.127 318.183
402.042 22.5886
245.975 598.558
259.586 462.998
403.501 41.9719
521.128 195.645
309.837 123.494
64.2606 628.071
694.694 415.912
23.1025 483.652
341.048 398.538
627.007 304.152
482.016 142.211
337.204 190.71
662.984 171.01
667.284 333.866
88.9613 673.005
600.009 152.187
4.90556 547.732
35.2753 672.039
448.962 401.38
95.9654 90.3301
577.239 351.298
459.122 353.541
368.518 82.8781
632.14 468.233
194.31 270.695
274.046 581.768
170.101 86.411
509.815 453.653
140.852 594.087
15.7895 73.8937
131.585 252.677
545.761 503.443
466.455 406.679
245.821 110.008
204.464 118.377
156.588 469.946
283.336 620.557
405.554 239.294
306.068 489.747
583.998 554.388
594.348 197.554
185.263 118.973
373.473 51.2286
699.115 525.12
85.5546 115.22
297.575 541.242
149.497 303.75
23.1541 650.525
74.2302 186.401
337.434 554.946
180.267 149.741
197.725 266.439
145.686 649.97
534.845 431.594
403.097 249.434
635.494 138.53
79.8747 553.798
488.714 12.7758
523.578 80.1706
626.475 458.24
242.123 267.689
150.534 231.904
12.4496 640.058
549.829 275.416
510.989 582.086
614.458 90.7265
240.397 659.449
253.534 246.442
56.4587 400.324
543.476 590.941
345.307 572.122
449.914 304.763
246.62 244.41
197.081 643.383
438.307 521.206
110.278 543.492
176.369 428.441
598.222 220.225
425.911 88.1455
261.563 93.3054
183.304 88.2217
141.972 525.367
49.6651 321.24
674.271 164.273
138.263 478.762
56.9286 597.966
106.794 84.1237
566.387 660.935
31.8642 42.1837
580.806 98.8256
560.818 159.242
279.45 419.436
458.645 37.6088
690.455 568.614
289.506 22.2869
75.6341 682.127
606.984 469.756
584.058 166.752
501.857 412.796
155.778 159.434
1.10153 313.47
286.836 653.104
15.7232 359.449
263.551 601.658
555.711 426.628
232.263 436.804
457.711 451.073
181.384 18.2002
690.929 145.425
449.628 392.227
263.853 84.4835
314.375 96.4009
410.06 379.82
338.521 620.62
57.1163 253.815
70.5664 209.448
589.168 639.102
579.549 679.209
569.296 558.511
587.857 314.104
449.467 485.748
571.032 327.747
135.544 281.088
651.457 327.046
264.911 362.317
159.429 629.487
690.093 95.8958
320.937 482.394
195.311 286.495
517.952 21.8786
212.753 134.853
569.233 192.408
502.433 286.039
549.551 505.605
403.941 443.057
559.017 0.192745
439.456 242.502
330.3 344.545
370.734 222.985
600.547 96.6014
279.4 270.839
592.506 39.2943
319.815 535.872
204.746 673.345
700 699.365
519.132 244.848
557.609 139.3
420.514 379.977
176.185 141.132
402.937 359.631
523.391 425.614
692.745 558.915
388.344 102.67
74.9073 366.649
172.41 400.139
234.056 475.097
48.5566 591.249
613.383 232.451
101.78 520.852
463.324 281.949
409.519 388.817
345.882 430.151
647.381 429.748
179.469 27.7643
434.5 240.443
16.9168 119.975
427.506 296.692
397.906 511.261
261.781 255.951
263.394 60.6241
408.181 292.716
77.5646 227.684
479.615 394.789
610.31 372.302
682.177 42.1689
332.741 77.0926
694.525 384.661
489.093 89.066
332.489 41.5429
311.575 642.584
307.658 600.958
698.024 384.512
86.999 592.428
133.181 465.042
459.391 681.235
320.332 111.543
97.4296 198.333
681.075 418.57
596.546 44.0202
647.936 664.576
326.667 197.562
322.175 301.577
606.297 139.041
269.336 531.438
569.957 470.917
505.11 478.356
219.79 117.938
481.629 644.655
116.035 2.6729
123.414 124.706
138.637 467.792
472.117 362.238
226.384 326.877
224.577 65.5506
609.307 311.585
103.442 456.432
659.387 617.645
462.649 142.739
119.243 11.2522
115.79 76.3583
252.835 392.793
674.688 171.846
16.7026 21.0282
620.32 620.446
639.257 383.181
120.803 340.934
570.093 655.626
408.145 384.235
330.227 527.336
232.619 120.721
359.075 266.299
579.716 676.927
3.3445 210.973
318.196 623.317
590.473 175.249
513.738 587.69
296.073 495.935
284.112 368.41
367.892 64.0735
282.582 547.491
185.352 215.501
129.478 529.639
434.471 451.742
229.119 107.963
129.049 318.64
373.226 113.7
648.039 286.34
21.8312 117.1
395.543 689.802
98.1813 233.499
216.383 248.029
114.008 225.505
265.708 448.963
421.618 26.378
234.572 54.7499
380.82 343.786
201.51 176.903
307.524 461.03
227.905 1.16504
680.887 70.6089
222.864 668.861
244.488 115.785
689.843 81.5095
29.3195 672.669
549.697 154.273
71.0227 178.194
306.258 170.108
197.816 384.46
617.612 596.155
469.328 390.327
530.483 631.398
597.366 531.788
163.765 698.803
182.898 262.528
209.652 521.866
694.284 536.419
300.027 449.166
324.661 71.7277
127.316 604.353
352.35 651.683
628.625 203.816
440.399 682.78
380.834 581.469
38.3669 132.735
682.706 535.647
608.914 22.6372
362.906 262.806
678.767 135.203
160 417.863
627.553 384.635
59.341 543.889
539.763 495.879
36.355 618.495
50.1456 696.263
188.942 349.841
481.122 523.905
661.253 482.795
638.241 119.859
570.732 197.979
337.314 637.597
492.228 279.516
117.905 631.746
147.045 383.856
260.944 184.207
564.691 165.084
461.239 234.924
365.492 317.018
424.809 466.973
15.2361 573.444
264.121 379.257
678.79 522.399
555.3 531.089
317.26 284.725
170.958 491.596
149.674 462.824
284.935 193.475
240.204 211.024
481.881 668.004
544.727 631.613
15.1593 681.968
37.6264 286.971
114.485 557.227
8.10504 421.405
645.028 76.949
381.511 51.1269
389.562 268.367
337.001 273.653
286.071 391.376
658.755 489.321
412.745 7.8002
197.934 271.168
522.056 395.983
388.016 188.01
82.0142 113.134
248.014 565.817
186.014 134.17
290.115 453.708
370.765 50.9983
328.962 265.269
69.2001 345.278
92.9703 151.372
306.804 247.188
695.664 624.505
244.958 307.405
561.141 687.518
210.853 403.647
386.345 100.271
354.582 349.885
510.749 57.8183
151.944 121.049
269.653 262.235
185.055 115.279
599.552 171.799
625.356 553.81
674.938 175.522
198.857 384.87
503.229 360.703
340.54 246.308
600.934 288.547
14.2822 640.981
671.661 398.043
698.518 280.366
411.362 564.449
285.758 30.3851
381.805 91.0694
402.29 678.454
476.935 145.046
394.704 581.478
205.011 214.243
684.589 689.446
408.594 233.008
365.101 57.6763
565.418 477.159
416.335 142.907
140.282 114.756
196.551 138.225
555.138 610.279
552.44 63.5219
112.005 172.918
533.008 361.949
274.255 607.594
232.886 417.692
546.147 690.711
668.048 575.959
543.927 480.502
589.364 439.599
537.876 277.659
409.68 294.036
561.12 334.431
483.541 569.536
385.643 206.355
410.89 332.024
629.048 300.469
181.944 324.823
0.0274079 460.645
64.2883 393.614
475.33 467.336
521.685 456.726
687.392 195.784