0 38
1 134
2 25
2 101
3 49
3 119
4 37
4 73
4 150
5 49
5 183
6 135
7 77
7 181
8 124
8 143
8 171
9 162
9 163
10 135
11 126
12 78
12 136
13 63
13 189
14 84
15 56
15 64
16 35
16 105
16 129
17 125
17 171
18 31
18 177
19 112
19 173
20 195
21 85
21 187
22 44
22 74
22 190
23 62
23 190
24 170
24 174
25 53
25 89
26 100
26 134
27 69
27 110
28 81
28 169
29 43
29 165
30 181
31 160
32 119
32 172
33 106
33 140
33 161
34 53
34 108
35 181
36 51
36 162
37 90
38 157
39 59
39 66
40 54
40 146
41 58
41 64
41 198
42 104
43 74
44 84
44 118
45 67
45 192
46 151
46 154
47 102
47 155
48 104
48 107
50 54
50 71
51 197
52 55
52 117
52 176
53 67
55 61
55 132
56 138
56 159
57 120
57 195
59 188
60 105
60 196
62 96
62 178
63 173
65 147
65 198
66 120
67 111
68 158
68 196
69 192
70 106
70 160
72 199
73 107
73 126
74 130
75 102
76 93
76 157
77 86
78 167
79 103
80 99
80 100
82 121
82 179
83 132
84 144
85 148
85 159
86 170
87 133
87 155
87 175
88 147
90 146
90 184
91 154
92 154
92 167
93 150
94 161
95 115
95 196
96 172
97 104
97 188
98 110
99 121
103 135
103 139
104 191
108 142
109 192
110 177
111 113
112 185
112 198
113 116
114 115
114 194
117 152
122 128
122 168
123 134
123 173
124 137
125 188
127 151
127 152
128 160
129 139
131 142
131 180
133 159
137 182
138 196
141 145
143 170
144 166
145 163
149 178
150 156
151 163
153 158
157 169
162 168
164 174
166 186
168 199
175 183
180 185
183 193
