     0     3
     1    80
     1   116
     2    73
     2   122
     3    33
     3    86
     4   121
     5   140
     6    21
     6    60
     7   112
     7   143
     8    50
     8    65
     8    81
     9    12
    10    60
    10   112
    11    21
    11    80
    11   103
    12    43
    12    72
    13    36
    13    56
    14    71
    15    53
    16    88
    16   126
    17    35
    17    48
    17   138
    18    42
    19   115
    19   127
    20    38
    20    77
    20    91
    21   140
    22    78
    22   135
    23    77
    23    86
    24    82
    24   124
    24   148
    25    52
    25    84
    26    96
    26   130
    27   105
    28    70
    28    99
    29    54
    30    31
    30    40
    30    54
    31   127
    32   111
    32   135
    33    46
    34    73
    34   119
    35    47
    35   114
    36    92
    37    41
    37    67
    39    41
    39   124
    40   131
    42    62
    43   144
    44   127
    44   134
    45   141
    46   114
    46   145
    47    59
    48   129
    49    85
    49   122
    50    93
    51    84
    51   146
    52    70
    52   102
    53    68
    53   118
    55   108
    55   116
    57   111
    57   137
    57   141
    58   126
    59   113
    60    97
    61   121
    61   123
    62    65
    62   120
    63    72
    63   110
    64    90
    64   132
    65   143
    66    98
    67   103
    68   106
    69   104
    69   148
    70   119
    71   123
    74   122
    74   129
    75    94
    75   133
    76   145
    79    81
    79    88
    79    98
    82   133
    83    96
    83   124
    84   125
    87    95
    87   104
    89    99
    89   128
    90   144
    92   108
    92   139
    94   106
    94   117
   100   105
   100   106
   101   109
   101   136
   107   126
   110   120
   117   149
   118   135
   123   128
   131   142
   134   148
   136   149
   139   147
   142   146