200
0.2463 -0.4795
-0.4897 0.4237
-0.4516 0.1537
0.1679 0.4326
0.1035 -0.3365
0.0261 0.4211
0.2297 0.2947
0.2073 0.0774
0.2814 -0.0600
-0.2120 -0.2424
0.1925 0.2519
0.0567 -0.2713
-0.1035 -0.4358
-0.4384 0.2673
0.2802 0.1712
-0.1624 0.2152
0.1079 0.1421
0.2413 -0.0810
-0.3952 -0.1092
-0.3721 0.3161
0.0495 -0.1826
-0.0148 0.3145
0.3905 0.2891
0.2990 0.3523
0.2343 0.0056
-0.4487 0.1357
-0.4271 0.4509
-0.4115 -0.0560
0.2984 -0.4400
0.4430 0.3667
0.1837 0.1312
-0.3679 -0.1449
0.2227 0.4970
-0.3896 -0.2758
-0.3825 0.1525
0.1407 0.1050
-0.1712 -0.1128
0.1538 -0.3578
0.2491 -0.4749
0.0832 -0.0789
0.2400 -0.3159
-0.2652 0.2258
0.2350 -0.1296
0.4706 0.3416
0.3669 0.2342
-0.4138 0.0710
-0.1336 -0.3231
-0.1308 0.4574
0.1850 -0.2347
0.0979 0.4246
0.2894 -0.2762
-0.1323 -0.1264
-0.2940 -0.4125
-0.4133 0.1401
0.2719 -0.3194
-0.2943 -0.4549
-0.1117 0.2232
0.0518 -0.1526
-0.2710 0.1606
0.1419 -0.1161
-0.0155 0.1273
-0.3482 -0.4784
0.2819 0.4106
-0.3994 0.3006
-0.2059 0.2458
-0.2626 0.3131
0.0309 -0.1167
-0.4085 0.1173
-0.0947 0.0755
-0.3952 0.0301
-0.3877 -0.2249
0.2844 -0.2514
-0.2084 -0.0484
0.1035 -0.2723
0.4644 0.3044
-0.0675 0.4861
0.1948 -0.4700
0.2581 0.0357
-0.0674 -0.4129
0.1555 0.3021
-0.3902 0.4891
0.4338 -0.4331
-0.3125 0.4394
-0.2338 -0.4818
0.2978 0.1838
-0.0124 0.2837
0.2690 0.0341
-0.1040 0.3854
-0.2271 0.3990
-0.4628 0.1259
0.1733 -0.3621
-0.0704 -0.2822
-0.0483 -0.3179
0.1099 -0.4582
-0.4406 -0.3931
-0.1842 0.1164
0.2727 0.4397
0.1964 -0.1455
-0.3747 -0.0894
-0.3698 0.4843
-0.4076 0.4456
-0.4922 0.1766
-0.0769 0.4883
0.1556 0.2668
0.2229 -0.1633
0.0312 0.1624
-0.3912 -0.2558
0.1318 -0.2045
-0.3735 0.1802
-0.3657 0.0278
-0.4014 -0.0884
-0.3580 0.1026
-0.3317 0.2505
-0.3038 0.0835
-0.1825 0.0518
-0.1836 0.0836
-0.2824 0.0118
-0.2490 -0.4174
0.3929 0.2196
0.2032 0.4962
0.0557 -0.1455
-0.3156 0.4713
-0.2880 -0.1536
-0.4227 0.3865
0.4138 -0.0453
0.2067 -0.0866
0.0578 -0.2823
-0.1866 -0.3743
-0.3338 -0.1911
0.1225 0.2261
0.4879 0.2829
-0.3296 0.1938
-0.2422 -0.4902
-0.1032 0.3432
-0.4260 0.4223
0.1841 0.2710
-0.0976 -0.4573
0.4828 -0.1218
-0.0978 0.2043
0.1207 0.2295
-0.3456 -0.2757
-0.1187 -0.2309
-0.3389 0.1730
0.2581 -0.0225
0.3711 0.1237
-0.1492 -0.2636
0.1855 -0.3229
-0.2059 0.3296
0.0306 0.2669
0.3324 0.4345
0.0975 -0.3921
-0.1647 -0.3178
-0.2008 -0.4009
-0.0474 -0.0102
-0.0774 -0.3068
-0.1404 0.3959
0.0583 -0.4009
0.2425 -0.4558
-0.0757 0.0573
-0.0706 0.2725
-0.3751 -0.1881
-0.4756 -0.3210
-0.2098 -0.1610
-0.1825 -0.2899
0.1537 0.0102
0.4569 0.4064
0.4357 0.1289
-0.0421 -0.3985
-0.2595 -0.1091
0.2639 -0.4454
0.2593 0.0013
0.2406 -0.0683
0.2437 0.4976
-0.3941 0.3116
0.1816 -0.0143
-0.0367 0.3944
-0.2878 -0.3625
-0.4015 -0.1100
0.3236 0.4274
-0.3250 0.4175
-0.3364 0.2136
0.1660 0.1183
0.3944 -0.1567
0.0166 0.4360
0.2027 -0.3752
-0.3464 0.2306
0.4535 0.1465
0.0409 0.3332
0.1797 -0.1017
-0.4634 0.2498
0.3092 0.3352
0.2486 -0.1775
-0.3798 0.0523
0.0250 0.4791
-0.1742 0.0493
0.0464 -0.1696
-0.1011 0.1195
-0.0849 -0.1394
-0.3193 0.2565
-0.2446 -0.0861
0