     0    11
     0    45
     0    46
     1    24
     1    41
     2    29
     3    15
     4     5
     5    41
     6    18
     6    38
     7    14
     7    44
     8    14
     8    17
     8    33
     9    16
     9    26
     9    34
     9    37
    10    27
    11    16
    12    32
    12    36
    13    43
    13    47
    14    21
    15    40
    15    48
    17    38
    18    29
    19    47
    20    44
    21    28
    22    42
    22    49
    23    33
    24    42
    25    43
    26    27
    27    49
    29    32
    30    39
    31    34
    35    36
    37    38
    39    42
    41    43
    45    48