150
-0.2309 0.2386
0.2655 0.0860
-0.3113 -0.2533
-0.2125 0.1664
-0.4089 -0.4165
0.0762 0.1260
0.1834 0.1609
0.0466 0.2298
-0.0743 0.3908
0.1444 0.4823
0.1476 0.2690
0.1790 0.0814
0.1358 0.4283
0.4452 0.0801
-0.2911 -0.4830
0.2093 -0.3791
-0.2638 0.3627
-0.3806 -0.0157
0.1073 0.3449
-0.0499 -0.2906
-0.0413 0.0523
0.1619 0.1299
0.2703 -0.4680
-0.1498 0.1147
0.1620 -0.1376
-0.0838 -0.4505
0.3419 -0.0104
0.3329 -0.3075
-0.2436 -0.3769
0.1135 -0.2945
0.0822 -0.3535
0.0407 -0.3109
0.3699 -0.4573
-0.2352 0.1352
-0.1819 -0.2181
-0.3808 0.0386
0.4398 0.1952
0.1456 -0.0009
-0.0205 0.0358
0.1393 -0.0548
0.0447 -0.3761
0.1473 -0.0096
0.0439 0.3530
0.2210 0.3739
0.0225 -0.2297
0.4937 -0.2915
-0.2813 0.0650
-0.3942 0.1403
-0.3903 -0.0830
-0.4364 -0.2940
-0.0954 0.4479
-0.0516 -0.4179
-0.1342 -0.3943
0.2635 -0.3580
0.1279 -0.3335
0.2720 0.1210
0.4329 0.0737
0.4727 -0.4479
-0.3080 0.4312
-0.3611 0.2287
0.1963 0.2378
-0.4062 -0.4366
0.0254 0.3604
0.0303 0.4344
0.3611 0.4844
-0.0151 0.3589
-0.1065 0.2856
0.1714 0.0134
0.2413 -0.3224
0.0201 -0.1014
-0.1523 -0.3661
-0.3500 -0.4691
0.0861 0.4391
-0.2379 -0.1987
-0.4555 -0.2045
0.2549 -0.1671
-0.2572 -0.0329
-0.0576 0.1482
0.1878 -0.4748
-0.1408 0.3422
0.2363 0.0590
-0.1053 0.3541
0.1834 -0.1521
0.2040 -0.0540
-0.0577 -0.4458
-0.4804 -0.3229
-0.1691 0.1628
-0.0757 -0.1692
-0.2297 0.3985
-0.3029 -0.3818
0.3217 0.4884
-0.0701 0.0400
0.3878 0.2069
-0.1088 0.4995
0.2691 -0.2122
-0.1032 -0.0855
0.3085 -0.0352
0.2551 0.2640
-0.1226 0.3182
-0.2840 -0.3998
0.2904 -0.3219
0.4493 -0.1404
-0.1724 -0.4433
0.1713 0.0219
-0.0614 -0.1642
0.3335 -0.3243
0.2689 -0.2911
-0.3327 0.4052
0.3620 0.1754
0.4899 -0.0315
0.0144 0.4121
0.3843 -0.3960
0.0880 0.2455
-0.3452 0.2363
-0.3001 0.0619
-0.0930 -0.3158
0.2487 0.0972
0.3256 -0.2001
0.2900 -0.3659
-0.1815 -0.2874
0.0341 0.3949
-0.4100 -0.4285
-0.3883 -0.2575
-0.3637 -0.4462
0.1787 -0.0583
-0.0048 -0.4867
-0.3103 0.3972
-0.0050 -0.3033
-0.3524 -0.4066
-0.4450 -0.1926
0.3507 -0.0439
0.0606 -0.3983
0.4296 0.4954
0.1967 -0.1679
0.0828 -0.2027
0.3154 -0.4380
0.3790 -0.2018
0.4889 -0.4536
-0.4995 0.0054
0.3654 0.2614
0.1126 0.1311
0.4900 -0.4101
0.0277 -0.4191
-0.0205 0.2772
0.3013 0.4051
-0.2722 0.0338
-0.0019 -0.3908
0.4009 0.3258
0.0747 -0.1619
0.3452 -0.2060
0