50
-0.2652 -0.1889
-0.1468 0.4234
0.3212 -0.0698
-0.4846 -0.3152
-0.4570 0.4049
-0.3310 0.4797
0.1491 -0.0611
0.2317 -0.3889
0.1477 -0.2419
-0.0491 -0.0913
0.0470 0.0949
-0.2037 -0.2378
0.2447 0.1028
-0.3110 0.2112
0.1868 -0.2783
-0.3165 -0.3826
-0.1315 -0.2033
0.1256 -0.1812
0.2802 -0.0758
-0.4189 0.0079
0.4294 -0.4145
0.2757 -0.2375
-0.0132 0.3010
-0.0641 -0.4708
-0.0532 0.4289
-0.1937 0.2303
0.0085 -0.0114
0.0108 0.0785
0.3176 -0.2627
0.2948 -0.0412
0.1443 0.4631
-0.1214 0.0468
0.3116 0.0211
0.0328 -0.2684
-0.1493 -0.0111
0.4390 0.1241
0.3759 0.1791
0.0502 -0.1045
0.1225 -0.1326
0.0870 0.4880
-0.2923 -0.4623
-0.1988 0.3852
-0.0291 0.4133
-0.2695 0.2962
0.3443 -0.4013
-0.3052 -0.2381
-0.2741 -0.1646
-0.3293 0.1797
-0.2723 -0.3634
-0.0643 0.2212
0